14 15 12
180 0 1 1 0 1 1 0 0 0 0 1 1 1 0 0
931 0 1 0 1 0 1 1 0 0 1 1 0 1 1 1
186 0 1 1 1 0 0 1 0 0 1 1 1 1 1 1
762 0 0 0 1 1 1 1 1 1 1 0 0 0 1 1
964 0 1 0 1 1 0 1 1 1 1 0 0 0 0 1
896 0 1 0 1 0 1 1 1 0 1 1 1 0 1 0
254 0 0 0 1 0 1 0 1 0 0 1 1 0 0 0
685 1 0 0 0 1 1 1 0 0 1 1 0 0 1 1
347 1 1 1 0 1 1 1 1 1 1 0 0 1 0 0
132 0 0 1 0 1 0 0 1 1 1 0 1 0 1 1
784 1 0 1 0 1 1 1 1 0 0 1 1 0 1 0
134 0 1 1 1 0 1 1 1 0 1 1 0 0 0 1
432 1 1 1 0 0 1 1 0 1 0 1 1 0 0 0
257 1 1 1 1 0 0 1 0 1 0 0 0 0 0 1
610 1 1 0 1 0 1 1 1 0 0 0 0
409 1 0 0 0 1 1 1 0 0 1 1 0
289 1 1 0 1 0 1 0 0 0 0 0 1
196 0 1 1 0 0 0 0 0 1 1 1 0
472 0 1 1 0 1 0 1 1 1 0 0 1
737 0 1 0 1 0 0 1 0 0 1 0 0
826 1 0 0 1 1 0 1 0 1 0 1 0
615 0 0 0 0 1 1 1 1 0 0 0 1
131 0 0 0 1 1 0 1 0 1 0 0 0
80 1 1 0 0 1 0 0 1 0 1 0 0
724 1 0 1 0 0 1 1 0 0 0 0 1
991 0 0 1 0 1 0 1 1 0 0 1 1
853 0 0 0 0 1 1 0 0 0 0 0 1
523 0 1 1 0 0 1 0 1 1 1 1 1
49 0 1 1 1 1 1 1 0 1 1 1 1
366 1 1 1 0 0 0 0 1 0 0 0 0 1 1
822 0 0 1 0 0 0 1 1 0 1 1 1 0 1
966 1 0 0 1 1 0 1 1 1 1 1 1 1 0
84 0 0 1 1 1 1 1 0 1 1 1 0 1 1
268 0 1 0 0 0 1 1 1 0 0 0 1 0 1
374 1 1 1 0 0 0 0 1 1 1 1 0 1 0
691 1 0 1 1 0 1 0 1 0 0 0 0 1 0
938 0 1 0 1 1 0 0 1 1 1 0 0 1 0
469 1 1 0 0 0 1 1 0 0 1 0 0 1 1
511 0 1 1 0 0 1 0 0 0 0 1 1 0 1
816 1 0 0 1 1 0 0 0 0 1 0 0 1 1
266 0 0 0 1 0 0 0 1 1 1 1 0 0 1
5 1 7
687 1
237 1
438 0
886 1
76 1
340 1 1 0 1 1 0 0
180 0 1 0 1 0
200 0 0 1 1 1
944 1 0 1 0 1
445 0 0 1 1 1
3 0 1 1 1 1
35 1 1 1 1 1
474 1 1 1 0 0
11 8 4
867 1 0 1 1 0 1 0 0
157 1 0 1 0 0 0 0 1
98 1 0 0 0 1 1 1 1
215 1 1 0 1 0 0 0 1
8 1 1 1 1 0 1 0 1
144 0 1 0 0 1 1 0 1
361 0 1 0 0 0 1 0 0
126 0 0 0 1 0 1 0 1
17 0 0 1 1 0 0 0 0
272 1 1 1 1 1 0 1 1
901 0 1 0 1 1 1 1 1
890 1 1 0 1
556 0 0 1 1
141 1 1 0 0
499 1 1 1 1
778 0 1 1 1
531 1 1 1 0
367 0 1 1 0
821 1 1 0 0
933 1 1 1 1 1 0 0 0 1 1 1
539 0 1 1 0 0 0 1 0 0 1 0
739 0 0 1 1 1 1 1 0 0 0 1
202 0 1 1 0 0 1 0 0 0 1 1
2 2 6
501 0 0
995 0 0
662 1 1 0 0 0 0
895 0 1 1 1 0 1
50 0 0
138 0 0
351 1 0
579 0 0
836 0 1
182 0 0
10 11 8
60 1 0 0 1 1 1 0 1 0 1 1
143 0 1 0 1 1 0 1 1 1 0 1
43 0 1 0 1 0 0 0 1 0 0 0
158 0 1 0 0 0 1 1 1 0 1 0
322 0 1 0 1 0 1 1 0 0 1 1
787 1 1 1 1 0 0 0 0 1 0 0
322 1 1 0 1 1 0 1 1 0 1 0
871 1 1 0 1 0 1 0 1 0 1 0
709 1 0 0 0 0 1 0 1 0 0 0
760 1 1 0 1 1 0 1 0 1 1 1
960 0 1 0 0 1 0 1 0
447 1 1 0 0 1 1 1 1
955 0 0 1 1 1 0 1 0
87 1 1 0 0 1 1 1 0
559 1 1 1 0 0 0 0 1
192 0 0 0 0 0 1 1 1
411 0 1 1 0 0 0 0 0
275 0 1 0 0 1 1 1 1
934 1 1 0 0 1 0 1 1
564 0 1 0 0 1 1 1 1
296 0 0 0 0 0 1 0 0
999 1 0 1 0 1 1 1 0 0 1
812 0 0 1 1 1 1 0 0 1 1
853 1 1 0 1 1 1 1 0 0 0
649 1 0 1 0 1 1 1 1 0 1
512 1 0 0 1 0 1 0 1 1 1
584 1 0 0 0 1 0 0 1 0 0
848 0 0 1 1 1 0 0 0 1 1
277 0 0 0 1 0 0 0 1 1 1
2 4 1
267 0 0 1 0
81 1 0 0 0
843 0
287 0
5 1
546 1
86 0 1
3 1 1
305 0
775 1
50 0
386 0
869 1 1 0
2 2 3
658 0 1
486 0 1
491 0 0 1
90 0 0 0
918 0 0
364 0 0
765 0 1
6 3 10
281 1 1 0
837 0 1 1
801 1 0 0
442 0 1 1
944 1 1 0
60 1 1 0
362 1 0 0 0 1 0 0 0 1 0
893 0 1 1 0 1 1 0 0 1 1
854 0 0 0 0 0 0 1 0 1 1
977 0 1 1 0 1 1
143 1 1 0 1 0 0
43 1 0 0 1 1 0
76 1 0 0 1 0 1
230 0 0 0 0 1 1
769 0 1 0 0 0 0
380 1 0 1 0 0 1
686 1 1 1 1 0 1
653 0 0 0 0 1 0
411 0 1 1 1 0 1
4 2 4
735 0 0
860 0 1
349 0 0
409 1 1
889 0 0 0 0
213 1 1 0 1
775 1 0 1 0
511 0 1 0 0
116 0 1 1 1
912 1 0 1 0
5 5 13
850 0 1 1 1 0
66 0 0 1 1 1
144 1 1 0 1 1
26 1 0 0 1 0
793 1 1 0 0 1
268 0 1 0 1 0 0 1 0 1 0 1 0 1
995 0 1 1 1 0 1 0 0 0 0 0 1 1
628 1 0 0 1 1 0 1 1 0 0 0 1 0
368 0 1 0 0 0 1 1 0 0 1 0 0 1
134 1 1 0 1 1 0 0 1 0 1 0 0 1
33 0 1 0 0 0
763 0 0 1 1 0
201 1 1 0 0 0
745 1 0 1 1 0
312 0 0 1 0 0
909 1 0 0 1 0
57 1 0 1 0 0
694 0 1 0 1 1
877 1 1 0 0 0
71 1 0 0 0 0
564 1 1 1 1 0
287 1 1 0 0 0
167 0 0 1 0 1
10 9 5
813 1 0 0 0 0 0 0 0 0
566 1 0 1 0 0 1 0 0 1
129 0 0 0 0 1 1 0 0 0
137 0 1 1 0 1 1 0 0 1
874 1 1 1 0 1 1 1 1 1
604 0 1 1 0 0 0 1 0 1
798 0 1 1 1 0 0 0 0 0
159 1 0 1 0 0 0 0 0 0
274 1 0 1 0 0 1 0 0 1
76 1 1 1 0 1 1 1 1 1
108 1 1 1 0 1
557 1 1 0 1 1
532 1 0 1 1 1
548 1 0 1 1 1
845 1 0 1 0 0
83 0 1 1 1 0
968 1 1 0 1 0
84 0 1 1 1 0
305 1 0 0 0 1
427 0 0 0 1 1 0 1 1 0 1
789 0 0 0 1 0 1 1 0 0 0
148 1 0 0 0 0 0 0 1 0 0
231 1 1 1 1 1 0 1 0 0 1
619 0 0 0 0 1 0 0 1 0 1
10 2 10
73 0 0
575 1 1
157 0 0
76 1 1
992 1 1
48 0 1
241 1 0
307 0 0
219 0 0
936 0 0
670 0 1 0 0 0 1 0 0 1 1
522 1 0 0 0 0 1 0 0 0 0
345 0 0 0 0 1 1 0 1 1 1
329 1 1 0 0 0 0 1 1 0 0
545 0 1 0 1 1 0 1 1 0 0
702 0 0 0 1 1 0 0 0 0 1
442 1 1 1 1 1 1 1 1 1 0
151 1 1 1 1 1 0 1 1 0 1
62 0 0 0 0 1 0 1 0 0 0
707 1 1 1 0 1 0 1 1 1 0
285 0 1 1 1 0 0 1 1 0 1
383 0 0 1 1 1 1 1 1 1 0
10 1 5
690 1
983 0
681 1
576 0
307 0
362 1
884 0
493 1
899 0
176 0
280 0 1 1 1 0
625 0 0 1 1 0 0 1 0 0 0
636 0 1 0 0 0 1 0 0 0 0
160 1 0 0 0 1 1 1 1 0 1
127 1 0 0 1 0 0 1 0 0 1
734 0 1 1 1 0 0 1 0 1 0
6 7 4
151 1 0 0 1 1 0 0
705 0 1 0 0 0 0 0
384 0 0 1 1 1 1 1
867 1 0 1 0 0 1 1
614 1 1 0 1 1 0 1
460 1 1 1 1 1 0 0
84 0 1 1 0
573 0 0 0 1
620 0 1 1 1
895 0 0 0 1
926 0 0 0 1
372 0 0 1 0
737 0 0 0 1
965 0 0 1 0 1 0
998 0 1 0 0 0 1
907 1 0 0 0 1 1
662 1 1 0 1 1 1
15 5 15
987 0 0 1 0 1
604 1 1 1 0 1
992 1 1 0 1 1
441 0 0 0 1 1
283 0 1 1 0 0
701 0 0 0 1 1
479 0 0 1 1 0
494 0 1 0 1 1
67 1 1 0 1 1
127 0 1 1 1 1
48 1 1 0 0 0
648 0 1 1 1 0
235 0 1 1 1 0
967 1 1 0 1 1
824 1 1 0 0 0
415 0 0 1 0 0 0 1 0 1 0 1 1 0 0 0
629 1 0 0 0 0 0 1 1 1 1 0 0 1 0 0
494 0 1 1 0 1 0 0 0 1 0 0 1 0 0 1
894 1 0 1 1 0 0 0 0 1 0 0 1 0 0 0
416 1 0 1 1 0 0 1 1 0 1 1 0 0 0 1
790 0 0 0 1 0 0 1 0 0 1 1 0 1 1 1
281 1 1 1 0 1 1 1 1 0 0 1 0 1 0 1
762 0 1 0 0 1 1 0 1 0 1 0 1 1 1 0
51 0 1 0 1 0 0 0 1 0 1 1 1 1 1 1
732 0 1 0 0 1 0 1 1 0 1 1 1 1 1 1
444 0 0 1 1 0 1 0 0 1 1 0 0 0 1 0
822 0 0 1 1 0 0 1 0 0 0 1 1 1 1 0
140 1 1 0 1 1 0 1 0 0 1 0 0 0 0 1
154 0 0 0 1 1 1 1 1 1 1 0 0 0 0 0
782 0 0 0 1 1 1 1 1 1 1 1 1 0 1 0
625 1 1 1 0 0 1 1 0 0 1 0 0 0 0 1
949 1 1 1 0 0 0 1 1 1 0 1 1 1 1 0
624 0 1 1 1 0 1 1 0 0 1 0 0 0 1 0
990 0 1 1 1 1 0 0 1 0 1 0 0 1 0 1
498 0 0 0 0 1 1 1 0 1 1 0 1 1 1 0
12 11 15
375 0 1 1 1 1 0 1 1 1 0 0
610 0 1 1 0 0 1 1 0 0 1 1
518 0 0 1 1 0 0 0 0 1 1 1
87 1 1 0 1 1 0 0 1 1 1 1
949 0 1 0 0 0 1 1 0 1 0 1
115 0 1 0 1 0 0 0 0 1 0 1
535 0 1 1 0 0 0 0 1 1 0 1
614 0 1 1 1 1 1 1 0 0 0 1
644 0 1 1 1 1 0 1 0 1 0 0
780 0 0 0 0 0 0 1 0 1 1 0
579 0 1 0 0 1 0 1 1 1 0 0
100 0 1 1 1 1 1 1 0 1 1 0
494 1 1 0 0 0 0 1 0 1 1 1 1 1 0 0
764 1 1 0 1 0 1 1 0 0 0 0 1 1 0 0
196 1 0 1 0 0 0 0 0 0 1 1 1 0 1 0
718 0 0 0 1 1 1 1 1 1 1 0 1 1 1 0
261 1 1 0 0 0 1 0 0 0 1 1 0 0 0 1
988 0 0 0 0 1 1 1 1 0 0 0 1 1 0 1
191 1 0 0 1 1 0 1 1 1 1 0 0 1 1 1
342 1 1 1 1 0 1 0 0 1 0 1 0 0 0 0
508 0 1 1 1 1 0 1 1 1 1 1 0 0 0 0
155 1 1 1 1 0 1 1 1 1 0 1 1 0 0 0
888 1 1 0 0 0 1 1 1 0 0 0 1 0 0 1
576 1 0 0 0 1 1 1 0 1 1 1 0
554 1 1 0 1 1 0 1 1 0 0 1 0
615 0 1 0 1 0 0 1 1 0 0 0 1
117 0 0 1 0 1 1 1 1 0 0 0 1
802 0 1 1 0 0 1 1 0 1 0 0 0
500 0 1 1 0 1 1 0 1 1 0 0 0
906 0 1 1 1 0 1 0 1 0 0 1 1
908 0 1 1 0 0 0 1 0 0 1 1 0
335 1 0 0 1 0 0 0 1 1 1 1 1
253 1 0 1 0 1 1 0 0 0 0 0 1
655 0 0 0 1 0 1 1 0 0 1 0 1
532 1 0 0 1 0 1 1 0 1 0 1 1
905 1 0 1 1 0 1 1 0 0 0 1 0
769 0 1 1 1 0 0 1 0 1 1 1 0
604 1 0 1 0 1 0 0 0 1 1 1 1
1 6 13
794 0 1 1 1 0 0
167 1 1 0 0 0 0 1 0 1 1 1 1 0
608 0 0 1 1 0 0 0 0 1 1 0 0 0
682 1 0 1 0 1 0 0 0 0 1 0 1 1
296 0 1 0 0 0 1 1 0 1 0 0 0 1
531 1 0 1 0 0 1 0 0 1 0 0 1 0
983 0 1 1 0 0 1 1 0 1 0 0 0 0
673 1
801 0
375 0
767 0
775 1
643 0
985 0
307 1
211 0
784 1
622 1
357 1
559 0
8 14 5
213 1 1 1 1 0 1 1 0 1 0 1 1 0 1
743 1 0 0 1 1 0 1 0 0 0 1 0 0 0
970 0 1 1 0 1 1 1 0 1 1 0 0 0 1
206 0 0 1 1 1 0 1 0 0 1 0 1 1 0
572 1 1 1 0 1 0 1 0 0 0 1 1 0 0
277 1 0 0 0 1 1 0 0 0 0 1 0 0 1
734 1 0 0 0 0 1 0 1 1 1 1 1 0 1
220 0 0 1 0 0 1 1 0 1 1 0 1 0 0
293 1 0 0 1 0
997 0 1 1 1 0
41 0 0 1 1 0
574 1 0 1 0 1
114 1 1 1 0 1
527 0 0 0 0 1
211 0 1 1 1 0
606 1 1 1 0 0
764 1 1 1 0 1
808 1 1 0 1 1
950 1 0 1 1 0
909 1 1 1 1 0
420 0 0 0 0 0
912 1 0 0 1 0
847 0 0 1 0 1 0 1 0
675 0 1 1 0 0 0 1 1
353 0 0 0 1 0 1 0 1
256 0 0 1 0 0 1 1 0
787 0 1 0 0 1 1 1 1
15 3 13
350 0 1 1
95 0 1 1
829 1 0 0
98 0 1 0
106 0 0 0
225 0 0 1
64 0 0 1
43 0 1 1
147 0 1 0
3 0 0 0
556 0 1 1
779 0 1 0
933 1 0 1
922 0 0 1
399 0 0 0
815 1 0 0 0 1 1 0 1 1 1 1 1 0
777 0 0 1 0 0 0 0 1 0 0 1 1 1
203 1 1 0 0 1 1 0 0 0 1 0 1 0
744 0 0 1 0 0 0 0 0 0 0 0 0 1 1 1
33 1 0 1 0 1 1 1 1 1 1 0 1 0 0 0
141 0 1 1 0 1 1 1 0 0 1 0 1 0 0 1
777 0 0 0 1 1 1 1 1 0 1 0 0 0 1 0
649 0 1 1 0 1 0 0 1 1 0 0 1 0 1 1
252 1 1 0 1 0 1 0 0 1 0 0 1 1 1 1
391 0 0 0 1 0 0 0 1 0 0 1 1 1 0 0
194 0 0 0 0 0 0 1 1 0 1 0 0 0 1 0
298 0 0 0 0 0 1 0 0 1 1 1 1 1 1 0
630 0 0 0 0 0 1 1 0 0 1 0 1 0 0 0
185 0 0 1 0 1 1 1 1 0 0 0 1 0 0 1
291 0 1 0 0 0 1 0 0 0 1 1 0 1 1 1
539 0 0 0 1 1 1 0 1 0 0 0 0 0 1 0
11 11 11
487 0 1 1 1 1 0 0 1 1 0 0
508 0 0 0 1 1 1 0 0 1 0 1
622 1 0 1 1 1 1 0 1 0 1 0
88 1 1 1 0 1 1 0 1 0 0 0
228 1 0 0 1 1 1 0 0 1 0 1
967 1 1 0 0 0 0 1 1 1 0 0
45 0 0 1 0 0 0 1 1 0 1 0
238 0 1 1 0 1 1 0 0 0 0 0
382 1 0 0 0 0 0 1 0 0 0 0
181 0 0 0 1 1 0 0 0 1 0 0
335 1 0 1 1 1 1 0 0 1 1 0
685 1 1 0 0 0 1 0 0 1 0 1
365 1 0 0 0 0 0 1 1 1 0 0
405 1 1 0 1 0 0 1 1 0 1 1
569 0 0 0 1 0 0 0 1 0 0 0
801 1 1 1 0 1 1 0 0 0 0 1
109 0 0 0 0 0 1 0 0 1 1 0
441 1 0 1 1 0 1 1 1 0 0 1
924 1 1 0 0 1 1 0 0 0 0 0
689 0 1 0 1 0 0 1 1 0 1 0
210 0 1 0 1 1 0 0 0 1 0 0
304 0 1 1 0 1 1 0 1 0 0 1
149 1 0 1 1 1 1 0 0 0 1 1
876 1 1 0 0 0 0 1 0 1 0 0
522 0 0 0 0 0 1 1 1 0 0 1
452 0 1 1 0 0 0 0 1 0 0 0
243 0 1 0 0 0 0 1 0 0 1 0
369 1 1 0 1 0 1 0 0 0 0 0
544 0 0 0 0 0 0 0 1 0 0 1
645 0 0 0 0 1 0 1 0 0 1 1
223 0 0 0 0 0 0 1 0 1 0 1
64 0 1 0 0 0 1 0 0 1 0 1
376 1 0 1 1 1 1 1 1 1 1 1
5 8 5
782 0 1 0 0 1 0 0 0
357 0 0 0 1 1 1 0 0
830 0 1 0 1 0 1 0 1
26 1 0 0 0 1 1 1 1
267 1 1 0 1 1 1 1 1
403 1 1 0 0 1
768 1 0 1 0 0
27 1 1 0 1 0
322 0 1 0 1 0
691 1 1 1 0 0
121 0 1 0 0 0
292 1 1 0 0 1
635 0 1 0 1 0
869 0 1 1 1 0
184 1 1 0 0 0
587 1 0 0 1 1
453 0 0 1 0 1
259 1 1 1 1 0
11 7 9
778 0 0 1 1 1 0 1
170 0 1 0 1 1 1 0
222 0 0 0 0 1 1 1
872 0 0 1 0 1 0 1
822 0 0 0 1 1 1 1
958 1 1 0 0 1 0 0
298 1 0 1 0 1 1 1
113 1 1 0 1 1 0 0
505 0 1 1 1 0 0 1
654 0 1 0 1 0 0 0
440 0 1 1 0 0 1 0
517 0 0 1 1 0 1 1 1 0
810 0 1 1 1 0 1 1 0 0
910 0 0 0 1 0 1 1 0 0
648 0 0 1 1 0 0 1 1 1
692 0 1 0 0 1 1 1 0 1
433 1 0 0 1 1 0 0 0 1
1000 1 1 1 0 1 1 0 0 1
726 1 1 1 0 1 0 1 1 0 0 1
502 0 1 0 1 0 0 1 1 1 0 0
998 1 1 0 1 1 1 1 1 1 0 1
49 0 0 1 0 0 0 1 1 0 1 0
141 1 0 1 1 0 1 0 1 1 0 1
563 0 0 1 1 0 0 1 0 0 1 0
408 1 1 0 1 0 0 1 1 0 0 0
264 0 0 0 1 1 1 1 1 1 1 0
550 1 1 1 0 0 1 1 0 0 1 1
3 7 11
475 0 1 0 1 1 1 1
35 0 1 0 1 0 1 1
835 0 0 1 0 1 1 1
518 1 0 0 0 0 1 0 0 1 0 1
677 1 0 1 1 1 1 0 0 0 1 0
805 0 1 1 1 0 0 0 0 1 0 0
674 0 0 1 1 0 0 1 0 0 0 1
501 1 0 0 1 1 0 0 1 1 1 0
151 1 0 0 0 1 0 1 1 0 0 0
439 0 1 0 1 0 0 1 1 0 1 1
820 1 1 1
349 0 1 0
402 0 0 0
492 0 1 0
23 0 0 1
285 1 1 1
234 1 0 1
368 1 0 1
491 1 0 1
106 1 1 0
120 0 0 0
12 7 5
202 0 0 0 0 0 1 0
736 1 0 0 0 0 0 1
531 1 1 1 0 1 1 1
911 1 1 1 1 1 1 0
436 0 0 0 0 0 0 1
494 0 0 1 0 0 1 1
279 0 0 0 1 1 1 0
39 1 1 0 0 0 0 0
285 1 0 0 1 0 0 0
721 0 1 1 0 0 0 0
658 0 1 0 0 0 0 0
534 1 0 0 0 1 0 0
145 0 1 1 0 1
608 0 1 0 1 1
744 1 0 0 0 1
85 0 1 1 0 1
493 1 1 0 0 1
654 0 1 0 1 1
392 0 1 0 0 1
124 1 0 1 1 0 0 0 0 0 1 1 1
994 0 0 0 0 1 1 0 0 1 1 1 0
406 0 0 1 1 1 1 0 1 0 0 1 0
922 1 1 0 0 1 0 0 1 0 1 0 0
984 1 1 0 1 0 1 1 1 0 0 0 0
4 3 12
190 1 0 0
300 0 1 0
735 1 1 0
44 1 0 0
81 1 1 1 1 0 0 0 0 0 1 1 0
715 0 1 1 0 1 0 0 0 0 0 0 1
313 1 0 0 1 0 1 0 1 0 0 1 0
308 0 1 0 0
784 0 1 1 0
927 1 0 1 0
111 1 1 0 0
787 0 1 0 1
289 0 1 0 1
900 1 1 1 1
258 0 1 0 1
578 1 1 1 0
728 1 1 0 1
472 0 1 0 1
299 0 1 1 1
14 5 4
305 0 0 1 0 1
193 0 1 1 1 0
546 0 0 0 0 1
690 1 1 1 0 1
931 1 1 1 1 0
282 1 0 1 1 0
252 1 0 0 0 1
143 1 1 0 1 0
265 0 1 1 1 1
369 1 0 1 0 1
488 0 1 1 1 0
831 0 1 0 0 1
279 1 0 1 1 1
22 1 1 0 0 0
438 1 0 1 0
511 1 0 0 0
236 0 0 1 0
524 0 1 0 0
273 0 1 1 1
508 1 0 1 1 0 1 0 0 0 1 1 1 1 1
270 0 1 1 0 0 0 0 1 0 0 1 0 1 0
330 0 1 1 0 1 0 1 1 0 1 0 1 1 1
984 0 0 0 0 0 0 0 0 1 1 0 0 1 1
12 2 4
661 0 0
572 0 1
648 1 0
130 0 1
806 1 0
910 0 0
508 0 0
430 0 1
80 0 1
591 1 0
471 0 0
997 1 1
236 0 0 0 0
805 1 1 0 1
517 0 1 1 0 0 0 0 1 1 1 0 1
765 0 0 0 1 0 0 0 0 0 0 0 0
701 1 1 0 1 1 0 0 0 1 0 0 1
815 1 0 0 1 1 1 1 1 0 1 1 0
10 6 1
256 0 0 1 0 1 0
414 1 0 0 0 1 0
469 1 0 0 1 1 1
313 0 1 0 1 0 0
480 0 0 0 1 1 1
16 0 1 0 1 0 0
361 1 1 0 0 1 0
480 0 0 0 0 1 0
512 1 1 0 0 1 1
160 0 0 0 0 0 0
533 0
70 0
354 0
425 1
82 0
469 1
827 0 1 1 1 0 1 0 1 1 1
3 5 3
209 0 0 0 0 0
37 1 0 1 1 0
379 0 1 1 1 1
812 0 1 0
206 0 0 0
208 0 0 1
803 0 1 0
258 1 1 1
612 1 1 0
249 1 1 1
317 0 0 0
2 10 12
497 1 1 0 0 1 0 1 1 0 0
204 1 0 0 1 1 0 0 1 0 1
45 1 0 1 1 0 0 1 0 0 0 1 0
860 0 0 0 1 0 1 1 0 1 1 1 0
182 1 1 1 0 0 0 0 1 0 0 1 1
184 1 1 0 1 0 1 1 1 0 1 0 1
950 1 1 0 1 0 1 0 0 0 0 0 0
666 0 1 0 1 0 1 1 0 0 1 1 1
501 0 1 0 1 0 1 0 1 0 1 0 1
494 0 1 1 1 1 0 0 1 1 0 1 0
823 1 0 0 1 0 0 0 1 1 0 0 0
346 1 1 0 0 0 0 1 1 1 0 1 1
863 1 1
24 1 0
7 1 0
304 0 0
392 1 1
869 1 1
566 0 0
830 0 0
731 0 0
942 0 1
880 0 0
253 1 0
4 13 1
951 1 1 0 1 0 0 1 0 1 0 0 0 0
900 0 0 1 0 1 1 0 0 0 0 1 1 0
652 1 0 0 1 1 0 0 0 0 1 0 0 1
43 0 1 1 0 1 0 1 1 0 1 1 0 1
913 1
971 0
454 0
519 0
926 0
873 1
196 1
638 1
841 0
446 0
326 1
494 0
693 0
353 1 0 0 1
4 3 3
495 0 1 0
225 0 1 0
279 0 1 1
48 0 1 0
667 1 1 1
128 0 0 1
424 0 1 0
361 0 1 1 1
573 1 1 1 0
81 1 0 1 0
7 13 9
876 1 1 1 1 0 1 1 1 0 1 0 1 1
915 0 0 1 1 0 1 0 0 1 1 1 0 1
863 0 1 0 1 0 1 0 0 0 1 1 0 0
272 1 0 0 0 0 1 1 0 0 1 1 1 0
353 0 1 0 0 1 0 1 1 1 0 0 1 1
198 0 0 1 1 0 1 1 0 0 0 1 1 1
887 0 1 0 0 1 0 0 0 1 0 1 0 0
810 0 1 1 0 1 0 1 1 1
238 0 1 1 1 0 1 1 1 0
478 1 1 1 0 1 0 0 1 1
479 0 1 1 1 1 1 1 0 0
187 1 0 0 1 1 0 0 0 1
393 1 1 0 1 1 1 1 1 0
859 1 1 1 0 0 0 1 0 1
597 0 0 0 0 1 0 1 1 0
879 0 0 1 0 1 0 1 0 1
959 1 0 1 0 1 1 1 0 1
509 0 0 0 1 0 0 1 1 1
232 0 1 1 1 1 0 0 1 1
140 1 0 0 0 0 1 1 1 1
24 1 0 1 0 1 1 0
491 1 1 1 1 1 1 0
445 1 0 1 0 0 0 0
57 0 1 1 0 0 0 1
237 0 0 0 1 1 0 1
699 1 1 1 0 0 0 1
644 0 0 0 0 1 0 0
126 1 1 1 0 0 0 0
51 0 0 0 0 0 1 0
4 13 8
729 0 0 1 0 0 1 0 1 0 0 1 0 0
784 1 0 1 0 0 1 0 0 1 0 0 1 1
356 1 1 1 0 1 0 0 1 0 0 0 0 0
493 0 0 1 0 0 0 0 0 1 0 0 1 1
425 0 0 0 1 1 1 1 0
35 1 1 0 1 0 0 0 0
358 0 1 1 1 1 1 1 0
8 0 1 0 0 1 0 0 1
96 0 0 1 0 0 1 0 1
512 0 1 1 1 0 0 0 1
700 1 0 1 1 0 1 1 1
393 0 1 1 1 1 0 1 1
207 0 1 1 1 0 1 0 1
628 0 0 0 1 1 0 0 0
886 1 0 0 0 0 1 1 1
76 1 0 0 1 0 0 1 1
895 0 1 1 1 1 1 1 0
802 1 1 1 0
13 1 0 0 1
215 0 1 1 1
712 1 1 0 1
943 1 1 0 1
52 1 0 0 0
650 1 1 0 1
369 0 0 0 1
15 1 3
870 1
277 0
508 1
435 0
20 0
425 1
694 1
383 1
462 0
137 1
121 0
251 0
826 0
927 0
443 1
208 1 0 1
597 1 1 0 0 0 0 0 0 1 1 0 1 0 1 1
508 1 0 1 1 1 0 1 1 0 0 0 0 1 1 0
973 0 0 0 1 1 0 1 0 1 1 1 0 0 1 1
8 10 15
221 0 1 0 1 1 0 1 1 1 0
548 0 1 0 0 0 1 1 1 1 0
887 1 0 1 0 0 0 1 1 1 1
439 1 0 1 1 1 1 1 1 0 1
711 0 1 0 1 0 1 1 1 0 0
974 1 0 1 1 1 0 0 0 0 1
301 0 1 1 1 0 0 1 1 1 0
635 1 1 1 1 0 0 1 0 1 0
597 1 1 1 1 0 1 0 1 1 0 0 0 1 0 1
749 1 0 0 0 1 0 1 0 0 1 1 1 0 1 1
606 1 1 1 1 0 1 0 0 1 1 0 0 1 1 0
824 1 1 1 1 1 0 1 1 1 1 0 1 0 0 1
912 1 0 0 1 1 1 1 0 0 0 0 1 1 0 0
828 1 1 0 0 1 1 0 0 0 0 0 1 0 1 0
964 1 1 1 0 0 0 0 0 0 0 1 0 0 0 1
567 1 1 0 1 0 0 1 1 1 1 0 1 0 0 1
570 1 0 1 1 0 1 1 1 1 1 1 0 1 0 0
81 1 0 1 1 1 1 0 0 0 0 1 1 1 0 0
431 0 0 0 1 1 1 0 1
299 1 1 1 1 1 0 0 1
322 1 0 0 0 0 1 0 0
517 1 0 0 0 1 0 0 0
179 1 0 1 0 1 0 1 0
316 1 0 0 1 1 1 1 1
868 0 0 1 0 1 0 1 1
218 1 1 1 1 1 1 0 1
731 0 0 0 1 0 0 0 1
166 1 0 1 0 1 1 0 1
37 0 0 0 1 0 1 0 1
641 1 0 1 1 0 0 1 0
263 1 0 1 0 1 1 1 1
573 0 1 0 1 1 0 1 0
699 0 0 0 1 1 0 0 0
1 11 11
29 0 0 0 1 1 1 1 0 1 1 1
557 1 0 0 0 1 0 0 1 1 0 0
143 0 1 1 1 1 0 1 0 1 0 1
745 1 0 0 0 0 1 1 1 1 1 1
679 1 0 0 0 0 0 1 1 1 0 0
428 0 1 1 1 1 0 1 1 1 0 1
858 1 0 0 1 1 0 1 1 0 1 1
295 0 0 1 1 0 1 0 1 1 1 0
155 0 0 1 1 0 1 0 1 1 0 0
730 0 0 0 0 1 1 1 1 0 0 1
249 0 1 1 1 1 0 1 1 0 1 0
223 0 0 1 1 0 0 0 1 0 0 1
700 0
803 1
85 1
543 0
886 1
149 0
621 0
118 1
991 0
310 0
263 1
15 5 5
372 0 1 1 1 0
414 1 1 0 1 0
901 1 1 1 1 1
495 1 0 1 1 1
514 1 1 0 1 1
909 0 0 1 0 1
505 1 0 1 1 1
1000 1 0 0 0 0
234 0 1 1 0 1
49 1 0 0 1 1
104 0 0 1 1 0
433 1 1 0 0 0
876 1 1 0 1 1
69 0 0 1 0 0
869 0 1 1 0 0
855 0 0 0 1 0
481 0 1 1 0 0
800 0 1 0 0 1
225 0 1 0 1 1
721 0 0 1 1 0
834 1 0 0 0 0 0 0 0 1 0 0 1 1 0 1
465 0 0 0 0 1 0 0 1 0 0 1 1 1 1 0
405 0 0 0 0 0 1 0 0 1 0 1 0 1 0 0
150 0 0 0 0 0 0 1 0 0 0 1 1 1 0 1
168 0 0 1 1 1 1 1 0 0 0 0 1 1 1 0
15 11 12
490 0 0 0 0 0 0 0 1 0 0 1
366 0 1 1 1 0 0 0 0 0 1 0
182 0 1 0 1 1 0 1 1 1 1 1
192 0 1 1 0 1 0 1 0 1 0 1
26 1 0 1 1 1 1 1 1 1 1 0
619 1 1 1 0 1 0 0 1 0 1 1
106 1 0 1 0 1 1 1 0 1 0 1
777 1 0 1 0 1 1 0 1 1 1 1
907 0 1 1 0 0 0 1 1 0 1 1
822 0 0 1 1 0 1 1 0 1 0 0
340 1 1 0 0 0 1 0 0 1 1 0
764 1 0 1 0 1 0 1 1 1 1 0
668 0 1 1 1 1 0 0 0 1 0 1
306 0 1 0 1 1 0 0 0 0 1 0
592 0 0 0 1 1 0 0 1 1 0 0
831 0 1 1 1 1 0 0 1 1 0 0 0
936 1 1 1 0 1 1 0 1 1 1 0 0
391 1 1 0 0 0 0 1 1 1 0 1 1
481 0 0 0 1 1 1 0 0 0 1 1 0
262 1 0 1 1 0 1 0 0 1 0 0 0
782 1 0 0 0 0 1 0 1 0 1 0 0
265 0 1 1 1 0 0 1 0 1 1 1 0
52 0 0 1 0 0 0 0 0 0 1 1 1
903 1 0 0 1 0 1 1 0 0 1 0 1
290 0 0 0 0 1 0 0 0 0 0 0 1
176 0 0 0 1 0 0 0 0 1 0 1 0
995 1 0 1 0 1 1 0 0 1 1 0 1 1 1 0
386 0 1 0 0 1 1 0 1 1 0 1 0 0 1 0
726 1 1 0 1 0 0 1 1 0 1 1 1 0 1 1
791 0 1 0 1 0 0 1 0 1 0 0 1 1 0 0
76 0 0 0 0 1 1 0 1 0 1 0 1 0 1 1
7 0 0 1 1 0 0 1 1 0 1 0 0 1 1 1
160 1 1 0 0 0 0 1 0 1 0 1 1 1 1 1
747 1 0 1 1 1 0 1 1 1 1 1 0 0 0 0
3 1 0 0 1 0 0 0 1 0 1 0 1 0 1 1
616 1 0 1 0 0 0 0 1 1 1 0 0 0 0 0
684 0 0 1 0 0 1 1 0 0 1 0 1 0 1 0
864 0 1 0 0 1 0 0 1 1 0 1 1 0 1 1
5 9 10
335 0 1 1 0 1 0 0 0 0
481 1 1 0 0 1 0 0 1 0
862 1 0 0 0 0 1 1 0 0
612 0 0 0 1 1 0 1 1 0
658 1 1 1 1 0 0 0 0 0
379 1 1 1 1 1 1 0 1 0 0
621 0 1 1 0 0 1 1 1 1 1
966 1 0 0 1 0 0 1 0 1 0
494 0 1 1 1 1 0 1 1 0 0
717 1 0 0 0 1 0 0 0 1 1
619 1 0 1 0 1 1 1 1 1 1
493 0 0 1 0 0 0 0 0 1 0
997 1 0 1 1 0 0 0 1 0 0
874 1 0 0 1 1 1 0 0 1 0
123 0 0 0 1 0
753 0 0 0 1 1
717 1 1 0 1 1
335 1 0 0 1 1
422 0 0 1 0 0
744 1 0 1 1 1
542 0 1 0 0 1
168 0 0 0 0 1
750 1 1 0 1 0
678 0 1 1 1 1
2 14 7
751 1 0 1 0 0 1 0 0 0 1 1 0 0 1
114 1 0 0 1 1 1 0 1 0 0 0 1 1 0
801 1 1 0 1 0 0 0
67 0 0 0 1 0 0 1
40 1 1 0 1 1 1 1
205 1 1 1 0 1 1 0
59 1 0 1 1 0 1 1
956 1 1 0 1 1 1 1
556 1 1 0 0 0 1 0
566 1 1 1 0 1 0 0
939 0 0 1 1 1 0 0
982 0 0 0 1 0 1 0
374 0 0 1 0 0 1 1
138 1 1 1 0 1 1 0
362 1 1 0 1 1 0 0
952 1 0 1 1 0 1 0
41 0 1
262 0 0
399 1 1
8 0 1
443 1 1
157 1 0
51 0 0
14 2 8
193 0 0
110 0 0
752 1 0
243 0 0
263 0 1
819 0 1
280 0 0
290 0 1
256 1 1
182 0 1
412 0 0
114 1 0
70 0 1
148 0 1
726 0 0 0 0 0 1 0 0
403 1 1 1 0 0 1 0 0
685 1 0 0 0 1 1 0 1 0 1 1 0 1 1
287 1 0 0 1 0 0 1 1 1 0 1 1 1 1
212 0 0 1 0 1 0 1 1 1 0 0 0 0 1
479 0 1 0 0 0 0 0 1 1 0 1 0 1 1
847 1 1 0 0 1 1 1 1 0 0 1 1 1 1
957 1 1 1 1 1 1 1 1 0 0 1 0 0 1
702 0 0 0 1 0 1 0 1 0 1 0 1 0 1
893 0 0 1 0 1 0 1 0 0 0 0 1 0 0
7 4 15
321 1 0 1 0
859 0 1 1 0
31 1 1 1 0
928 0 0 0 1
752 0 1 1 0
875 1 1 1 0
489 1 1 0 0
141 0 1 1 0 1 1 1 1 0 1 0 1 1 1 0
78 1 1 0 0 1 0 1 0 0 1 0 0 1 0 0
694 1 1 1 1 0 1 0 1 0 0 0 0 1 0 1
60 1 1 1 0 1 0 1 0 1 1 0 0 1 0 1
392 1 1 0 1 0 0 0
167 0 0 0 0 0 1 1
50 1 0 0 0 0 1 0
152 0 0 1 1 0 0 0
716 1 0 1 1 0 1 0
338 0 0 1 0 0 0 0
500 0 0 1 0 1 0 1
584 0 0 0 1 0 1 0
969 1 1 1 0 1 1 1
906 0 0 1 0 0 1 1
11 1 0 0 0 0 1 1
744 1 0 0 1 1 0 1
559 0 1 0 1 0 1 0
509 1 1 0 1 1 1 1
431 0 1 1 0 0 0 1
12 2 8
860 1 0
637 0 0
222 0 1
917 0 1
425 1 0
760 1 1
419 0 0
173 0 1
76 0 1
73 0 0
403 1 1
665 1 1
655 1 0 1 1 0 0 1 1
517 0 0 0 1 1 0 1 1
436 0 1 0 1 1 0 1 0 0 1 0 1
424 1 1 0 0 1 0 1 1 0 0 1 0
750 0 0 0 1 1 1 1 0 0 0 0 1
358 0 0 1 0 1 0 1 1 0 1 1 1
859 1 1 1 0 0 0 0 1 1 0 0 0
151 0 1 0 1 0 1 1 1 1 0 1 0
308 1 1 0 0 1 1 0 1 1 0 1 0
960 0 0 1 1 0 1 0 0 0 0 1 1
13 9 7
203 1 0 1 0 0 1 0 0 1
586 1 0 0 1 1 0 1 1 1
924 0 1 0 1 1 1 0 0 0
475 0 1 0 1 1 1 1 1 1
677 0 0 0 0 0 0 1 1 1
105 1 1 0 1 0 1 0 1 0
983 1 0 1 1 0 1 0 1 0
786 1 1 0 0 1 0 0 0 1
562 1 0 0 1 1 1 0 0 0
645 0 1 1 0 0 1 1 1 0
244 0 1 0 0 1 0 0 1 0
553 0 1 0 1 0 0 0 1 0
117 1 0 1 0 0 1 1 1 0
434 1 1 1 1 1 0 1
465 0 0 0 0 1 0 1
679 0 1 1 0 1 0 1
215 1 1 0 0 1 0 0
865 1 1 1 1 1 1 1
78 1 1 0 0 1 1 0
995 1 1 0 0 0 1 1
882 1 1 1 0 1 1 0
528 0 1 0 0 0 1 1
774 0 1 0 1 1 0 1 0 0 0 0 0 1
170 1 0 0 0 0 0 0 0 1 0 0 1 0
531 0 0 0 0 1 0 1 0 0 1 0 0 1
948 0 0 0 1 1 1 0 1 1 0 0 0 0
473 1 1 0 1 1 0 1 0 0 0 1 1 1
382 1 0 0 0 1 1 1 0 0 1 1 1 1
26 1 0 1 0 1 0 1 0 0 0 0 1 0
13 3 9
740 1 0 1
204 1 0 1
946 0 0 1
924 0 0 0
667 0 0 1
1 1 1 0
660 1 1 0
332 1 0 0
704 0 1 0
275 0 1 1
793 0 0 0
395 1 0 0
644 1 1 1
219 0 1 0 1 1 0 0 0 0
709 1 0 0 0 0 0 1 0 0
346 0 0 1 1 1 1 0 0 0
448 0 0 1 0 0 0 0 0 0 0 1 0 1
286 0 1 1 1 1 1 1 0 0 0 1 1 0
637 1 0 1 1 1 0 0 1 0 0 1 1 1
471 1 0 1 1 1 0 0 1 0 1 1 0 0
881 1 0 0 0 0 0 1 1 0 1 0 1 0
115 0 1 0 1 1 0 0 0 0 0 1 0 0
147 0 0 1 1 0 1 1 0 1 1 0 0 0
761 1 0 0 1 1 1 0 0 1 0 1 1 0
347 0 0 1 0 0 0 0 0 1 1 1 1 0
6 11 8
126 0 1 0 1 1 1 1 1 0 1 0
678 1 1 1 0 0 0 0 0 0 1 1
792 0 0 0 1 1 1 0 1 0 0 0
244 1 1 1 1 0 1 1 0 0 0 0
687 0 0 0 0 1 0 0 1 0 0 0
823 1 1 1 1 1 0 1 1 1 0 0
753 1 1 0 0 0 0 0 0
645 1 1 0 1 1 1 1 1
705 1 0 1 1 1 0 1 0
18 0 0 0 0 0 1 0 0
180 0 0 0 1 1 1 1 0
235 0 0 1 0 1 1 1 0
873 0 1 1 1 0 1 1 0
528 1 1 1 0 1 0 0 0
536 1 1 0 1 0 0 0 0
110 1 0 0 0 0 1 1 1
716 0 1 0 0 0 1 1 0
415 1 1 1 1 0 0
2 0 0 1 0 1 0
779 1 0 0 1 0 1
891 1 1 1 1 1 1
919 1 0 1 0 1 0
30 1 0 0 1 1 1
231 0 0 0 1 0 0
333 0 1 0 0 0 0
14 8 3
483 1 1 1 1 0 1 1 0
362 1 1 0 1 1 0 1 1
342 1 1 1 0 0 0 0 1
401 1 1 1 1 0 1 0 1
670 1 0 1 1 0 1 1 1
187 0 0 0 1 1 1 1 1
437 1 1 1 1 1 0 0 0
765 1 1 1 1 0 0 0 1
679 1 1 1 0 1 1 0 0
323 1 1 0 1 0 1 0 1
159 0 0 1 0 1 0 0 0
193 0 1 0 0 0 1 1 0
525 0 0 0 0 0 0 0 1
863 0 0 0 0 0 0 1 1
962 1 1 0
643 1 1 0
148 1 1 0
531 1 0 0
378 0 0 1
614 0 0 1
85 0 1 0
605 1 1 1
945 0 1 0 1 0 0 0 0 1 0 0 0 0 0
151 1 1 1 0 1 1 1 1 1 0 1 1 1 1
402 0 1 0 0 1 1 1 1 1 0 0 1 1 0
14 10 8
927 0 1 1 0 0 0 1 1 0 1
79 1 0 0 0 0 1 1 1 0 1
861 0 1 1 1 1 1 0 1 1 1
127 1 1 1 1 0 0 1 1 0 0
850 1 1 0 0 0 1 0 1 0 0
711 1 0 0 0 0 1 0 1 1 1
439 0 0 1 0 0 0 1 0 0 0
322 0 0 0 1 0 1 1 0 0 1
397 0 1 1 1 1 0 0 0 1 1
850 0 1 1 0 0 1 0 0 1 0
401 1 0 0 0 1 1 0 0 1 0
79 0 1 1 1 0 0 0 1 1 0
365 0 0 1 1 1 1 0 1 0 1
416 0 0 1 1 0 1 1 1 1 1
717 1 0 0 1 0 1 0 0
499 0 1 1 1 0 0 0 1
889 1 1 1 1 0 0 0 1
64 1 1 1 1 0 1 0 1
251 1 1 0 1 1 1 0 0
522 1 0 1 1 0 0 0 1
543 1 1 1 0 0 0 1 0
809 1 0 1 1 1 0 1 1
952 1 1 0 0 0 0 1 0
69 1 0 0 1 1 1 1 0
843 1 1 0 0 0 0 1 1 1 0 1 0 1 0
127 1 0 0 0 0 0 0 1 1 0 1 0 0 0
743 0 1 0 0 1 0 0 1 0 1 1 1 0 0
572 0 0 1 0 0 1 1 0 1 0 1 0 0 1
147 1 1 1 1 1 1 1 1 0 1 0 1 0 0
848 1 0 1 1 1 1 0 0 0 1 0 1 1 0
407 1 1 1 1 0 0 0 0 1 0 1 1 1 0
491 0 1 0 0 0 1 1 1 1 1 0 1 0 0
